# Source: https://www.nonograms.org/nonograms/i/3016
# Unknown author
# 50x60
GRID Barque
ROWS
[ 14 12 20 ]
[ 11 1 7 1 5 1 1 4 1 ]
[ 11 1 1 4 3 12 1 1 1 ]
[ 7 1 2 2 1 2 17 4 1 ]
[ 6 1 4 6 21 2 ]
[ 1 1 1 2 1 2 17 3 9 ]
[ 1 1 2 1 2 6 1 12 ]
[ 1 2 1 2 3 4 15 ]
[ 1 2 1 3 20 ]
[ 2 2 1 1 2 2 7 1 4 1 4 ]
[ 1 5 2 10 2 1 3 7 ]
[ 1 1 3 1 2 5 1 11 ]
[ 2 1 1 2 3 1 5 1 5 ]
[ 1 1 4 1 1 1 2 9 5 ]
[ 17 1 1 4 ]
[ 16 5 1 5 4 ]
[ 26 1 6 4 ]
[ 1 12 2 1 1 5 ]
[ 1 9 7 1 5 ]
[ 2 2 6 1 5 1 5 ]
[ 1 3 1 4 1 6 4 ]
[ 4 1 5 8 1 1 7 ]
[ 1 1 1 2 17 1 4 ]
[ 5 4 1 4 4 2 5 4 1 4 ]
[ 11 3 3 3 12 4 1 2 ]
[ 1 12 1 1 1 1 9 2 ]
[ 1 1 3 6 1 1 2 1 1 3 2 ]
[ 2 1 1 4 1 1 1 1 1 2 1 ]
[ 1 4 4 2 3 1 2 2 1 1 ]
[ 1 11 3 7 6 2 3 ]
[ 13 2 5 18 3 ]
[ 13 1 2 1 3 3 1 2 1 ]
[ 12 1 2 1 1 1 1 1 ]
[ 12 1 1 1 1 1 1 1 ]
[ 11 1 1 1 1 1 1 1 ]
[ 11 1 1 2 4 2 3 ]
[ 10 1 1 9 2 8 3 1 ]
[ 1 1 1 4 6 7 1 3 1 ]
[ 3 1 1 14 3 1 1 ]
[ 3 1 3 1 1 3 1 2 1 1 ]
[ 3 3 1 1 3 1 1 1 ]
[ 1 2 1 1 1 1 3 ]
[ 2 1 2 3 1 1 2 3 ]
[ 1 2 2 2 1 5 1 ]
[ 1 1 2 2 2 7 4 1 ]
[ 1 3 2 4 14 2 ]
[ 4 2 2 10 11 4 ]
[ 2 1 3 2 15 8 4 ]
[ 3 2 3 24 3 1 ]
[ 4 4 21 6 2 1 ]
[ 4 17 6 3 2 ]
[ 2 6 7 5 ]
[ 1 4 23 5 3 ]
[ 4 4 14 7 3 ]
[ 2 3 5 9 2 3 ]
[ 2 2 6 13 4 1 ]
[ 6 23 3 5 ]
[ 2 2 2 20 4 4 ]
[ 2 3 16 4 1 3 3 ]
[ 1 2 3 12 2 4 4 ]
COLUMNS
[ 6 4 1 1 3 3 7 1 1 1 1 4 1 1 ]
[ 5 1 1 1 2 1 1 3 1 8 1 1 2 1 4 1 ]
[ 6 1 1 4 5 1 1 7 1 2 2 1 4 ]
[ 5 4 1 3 1 2 10 1 1 2 2 2 1 ]
[ 5 1 2 6 1 4 9 1 2 3 2 1 1 2 ]
[ 6 2 6 1 3 9 2 2 3 1 1 1 ]
[ 4 2 3 5 2 5 8 1 1 2 2 3 1 2 ]
[ 3 2 10 6 9 2 2 6 1 1 ]
[ 3 2 1 2 5 4 11 2 2 1 3 1 ]
[ 3 1 2 1 6 1 3 9 1 2 2 4 1 1 ]
[ 4 1 3 6 1 3 8 1 1 2 1 3 1 1 ]
[ 1 9 5 5 2 1 2 5 ]
[ 1 2 1 3 9 7 1 1 2 2 1 4 ]
[ 1 2 1 1 1 11 5 2 1 1 3 1 5 ]
[ 2 2 1 1 14 1 1 1 4 1 5 ]
[ 1 2 1 10 5 6 1 6 1 5 ]
[ 1 3 8 1 4 6 1 7 2 4 ]
[ 4 6 1 2 6 4 7 2 4 ]
[ 3 4 1 1 4 2 4 1 5 2 4 ]
[ 3 2 2 2 4 2 4 3 5 2 4 ]
[ 2 3 2 2 5 4 6 5 2 4 ]
[ 3 2 2 2 3 5 6 5 2 4 ]
[ 6 2 2 2 3 4 3 5 2 4 ]
[ 6 2 2 4 2 3 5 2 5 ]
[ 1 1 1 1 1 3 2 1 1 5 2 5 ]
[ 2 3 3 1 1 1 3 4 2 5 ]
[ 1 3 2 1 3 2 3 4 2 4 ]
[ 4 1 1 3 1 4 4 2 4 ]
[ 5 1 1 3 1 4 4 2 4 ]
[ 5 2 2 1 3 2 2 3 ]
[ 1 11 1 2 1 2 1 2 2 4 1 ]
[ 1 7 9 1 2 1 1 2 2 4 1 ]
[ 1 7 2 1 9 12 2 3 1 ]
[ 9 2 2 2 11 5 2 3 1 ]
[ 5 1 2 2 2 2 3 5 2 3 1 ]
[ 9 2 2 2 2 1 1 5 2 3 1 ]
[ 6 2 2 1 1 2 3 5 2 2 1 1 ]
[ 6 2 1 1 1 2 2 4 2 2 1 1 ]
[ 1 3 4 1 1 1 1 2 4 2 3 3 ]
[ 2 2 15 1 2 2 3 2 2 1 1 ]
[ 1 2 6 2 12 1 1 2 1 3 1 1 ]
[ 2 9 2 1 2 12 2 2 2 1 1 ]
[ 1 1 5 1 2 1 2 1 2 9 2 2 1 1 ]
[ 1 9 2 2 2 2 1 4 1 2 2 1 ]
[ 2 6 2 1 1 2 3 1 2 2 1 1 ]
[ 9 4 3 1 2 1 2 5 2 1 3 1 ]
[ 2 1 23 1 2 1 4 1 3 1 ]
[ 2 20 4 11 3 3 1 2 ]
[ 1 1 23 2 1 6 1 1 1 1 1 ]
[ 2 1 38 2 1 3 1 ]
