# Source: https://www.nonograms.org/nonograms/i/4010
# Author: Irina-belko61
# 33x40
GRID Jellyfish
ROWS
[ 11 12 ]
[ 5 9 9 ]
[ 3 5 6 7 ]
[ 3 2 2 4 6 ]
[ 3 2 8 5 ]
[ 3 2 4 2 2 4 ]
[ 3 3 4 3 2 3 ]
[ 4 4 2 2 2 2 ]
[ 4 1 3 3 2 ]
[ 4 3 3 3 1 ]
[ 5 2 3 3 1 ]
[ 3 5 2 1 1 2 1 ]
[ 2 7 3 1 ]
[ 2 3 5 4 1 3 ]
[ 1 2 8 2 3 3 1 ]
[ 2 1 3 6 3 1 2 ]
[ 2 2 2 2 7 2 ]
[ 2 2 3 3 1 7 2 3 ]
[ 2 2 3 1 3 15 ]
[ 2 3 5 7 11 ]
[ 2 2 3 3 1 1 2 2 3 ]
[ 1 2 4 2 1 2 1 3 1 ]
[ 1 2 3 1 1 3 2 1 2 3 ]
[ 1 2 3 3 3 2 1 2 4 ]
[ 1 2 6 4 2 1 2 4 ]
[ 2 6 2 2 4 4 ]
[ 3 1 2 2 1 3 4 5 ]
[ 2 2 3 1 1 4 3 5 ]
[ 3 2 2 2 2 1 2 6 ]
[ 2 2 3 1 2 3 7 ]
[ 1 2 4 2 1 1 1 9 ]
[ 2 3 2 1 2 10 ]
[ 1 3 2 3 1 10 ]
[ 1 3 3 3 11 ]
[ 1 2 3 1 13 ]
[ 3 1 14 ]
[ 3 1 17 ]
[ 2 20 ]
[ 1 22 ]
[ 1 23 ]
COLUMNS
[ 4 ]
[ 10 3 ]
[ 4 4 1 ]
[ 2 2 10 3 ]
[ 6 2 11 3 3 ]
[ 8 1 6 4 6 ]
[ 3 7 2 6 5 1 ]
[ 2 4 2 3 5 4 ]
[ 2 2 7 13 4 2 ]
[ 1 3 4 9 8 2 1 ]
[ 1 1 3 6 3 3 4 2 1 ]
[ 4 2 4 3 4 2 2 ]
[ 4 3 4 2 4 3 3 2 ]
[ 3 1 1 6 3 4 2 3 ]
[ 3 2 3 3 1 4 2 3 ]
[ 2 1 3 6 1 3 3 2 3 ]
[ 3 3 1 3 3 3 3 2 4 ]
[ 2 4 1 3 1 3 1 1 4 ]
[ 2 3 3 5 2 4 2 4 ]
[ 5 2 6 4 3 5 ]
[ 3 2 3 5 2 6 ]
[ 1 5 2 8 2 6 ]
[ 1 8 4 3 7 ]
[ 1 1 6 1 3 6 9 ]
[ 2 2 3 3 4 2 10 ]
[ 2 2 2 9 10 ]
[ 3 3 1 3 4 11 ]
[ 4 4 1 4 12 ]
[ 5 3 2 3 14 ]
[ 6 3 2 3 17 ]
[ 7 3 3 18 ]
[ 9 7 18 ]
[ 12 4 19 ]
