# Source: https://www.nonograms.org/nonograms/i/12771
# Author: Irina-belko61
# 60x80
GRID Lighthouse
ROWS
[ 6 47 ]
[ 1 51 ]
[ 17 30 ]
[ 9 1 14 13 ]
[ 6 5 1 9 11 ]
[ 3 16 14 10 ]
[ 2 13 3 4 10 1 6 ]
[ 2 20 5 1 2 3 2 ]
[ 27 6 1 5 3 3 ]
[ 19 1 7 1 1 2 ]
[ 16 3 2 12 2 2 ]
[ 15 2 1 1 2 4 4 3 ]
[ 13 5 1 1 2 4 9 ]
[ 12 2 3 3 1 2 4 9 ]
[ 13 4 1 1 9 ]
[ 1 6 3 5 3 2 2 1 2 5 2 ]
[ 3 2 3 3 1 1 1 1 3 4 2 ]
[ 3 2 5 1 1 1 1 4 1 ]
[ 3 2 7 13 3 2 ]
[ 5 2 8 11 5 2 ]
[ 9 4 9 1 3 6 2 ]
[ 19 10 1 1 1 1 4 1 ]
[ 1 5 21 1 1 1 1 5 2 ]
[ 3 2 2 18 1 2 6 1 ]
[ 4 2 17 2 3 4 2 ]
[ 5 14 2 4 6 1 ]
[ 5 12 2 5 4 ]
[ 6 3 3 11 2 4 2 ]
[ 7 2 1 13 5 5 3 ]
[ 9 2 5 14 3 3 ]
[ 11 23 2 3 1 2 ]
[ 2 34 2 3 5 1 ]
[ 1 33 2 3 2 ]
[ 1 34 2 3 ]
[ 2 34 2 9 ]
[ 1 33 2 2 ]
[ 1 34 7 ]
[ 28 2 7 ]
[ 1 27 1 2 8 3 ]
[ 1 25 3 2 5 3 ]
[ 5 3 17 1 2 2 13 ]
[ 5 2 16 2 1 2 4 6 ]
[ 2 2 14 1 2 2 2 4 ]
[ 3 15 2 7 5 1 3 ]
[ 4 4 13 2 8 3 1 2 ]
[ 2 4 12 2 8 6 1 ]
[ 3 11 7 4 1 ]
[ 2 8 1 4 4 2 ]
[ 3 3 3 4 1 3 4 2 2 2 ]
[ 19 1 2 2 3 2 ]
[ 2 13 1 3 5 3 3 ]
[ 12 4 3 4 5 3 2 ]
[ 12 9 4 3 1 2 4 2 ]
[ 7 2 7 1 2 3 1 3 5 2 ]
[ 6 1 11 1 1 3 1 3 6 2 ]
[ 6 1 5 1 2 1 3 2 3 1 ]
[ 3 2 2 4 1 1 2 1 3 3 1 ]
[ 3 1 3 3 3 1 1 6 1 ]
[ 1 1 3 6 4 1 8 ]
[ 1 2 4 1 4 1 6 2 ]
[ 1 4 5 3 4 1 4 8 ]
[ 1 2 11 2 3 5 ]
[ 6 7 6 2 8 ]
[ 1 4 6 1 12 ]
[ 7 5 3 8 4 ]
[ 5 2 3 3 5 2 ]
[ 8 3 2 1 6 ]
[ 8 5 4 1 9 ]
[ 5 6 3 2 12 ]
[ 2 3 2 2 14 4 4 5 1 ]
[ 3 5 4 9 2 1 8 ]
[ 2 9 2 5 5 2 2 15 ]
[ 11 7 3 9 3 ]
[ 7 1 5 2 13 2 ]
[ 10 10 2 2 1 12 1 ]
[ 3 1 1 2 7 3 8 6 ]
[ 2 1 5 6 3 2 9 7 ]
[ 2 6 5 2 6 3 12 ]
[ 11 3 2 2 6 5 11 1 ]
[ 39 14 ]
COLUMNS
[ 2 9 6 3 2 12 7 1 ]
[ 1 8 7 1 2 1 2 1 8 8 1 ]
[ 1 1 7 12 1 1 2 2 8 1 5 2 ]
[ 1 2 8 7 2 1 1 5 3 2 ]
[ 1 1 9 7 2 2 1 8 3 4 ]
[ 1 1 11 9 2 1 1 8 5 3 ]
[ 14 12 1 2 5 4 2 ]
[ 17 15 1 4 2 1 2 ]
[ 1 11 4 12 1 1 5 2 1 2 ]
[ 2 11 3 1 12 2 5 2 1 3 ]
[ 14 5 1 10 1 1 5 1 2 3 ]
[ 14 4 2 10 1 1 5 1 1 1 3 ]
[ 12 2 3 1 10 1 1 3 1 4 1 4 ]
[ 12 1 3 1 10 1 1 2 2 5 1 2 1 ]
[ 12 1 3 1 11 1 3 1 2 5 1 3 1 ]
[ 4 6 1 2 1 13 2 3 14 1 2 ]
[ 4 5 1 1 1 1 13 1 3 7 9 1 2 ]
[ 4 5 2 1 1 15 3 1 1 1 1 6 2 2 3 ]
[ 4 5 1 2 1 16 3 1 2 1 4 4 1 ]
[ 3 1 2 1 3 17 3 1 1 2 1 2 1 ]
[ 3 1 2 1 3 20 1 1 1 1 2 2 1 ]
[ 3 2 3 2 5 1 19 1 1 1 1 1 6 ]
[ 3 5 1 8 1 18 1 1 1 1 1 1 3 2 ]
[ 5 3 1 3 4 1 17 2 1 1 1 1 2 2 3 1 ]
[ 3 1 1 1 2 4 17 1 3 1 2 1 2 2 1 1 ]
[ 2 1 2 2 5 18 1 4 3 1 3 3 1 1 ]
[ 2 2 1 4 19 1 5 4 1 2 4 1 ]
[ 2 1 1 1 5 19 4 5 1 1 1 2 1 ]
[ 2 1 2 1 25 5 6 1 2 1 2 ]
[ 2 1 3 21 4 5 8 1 3 3 ]
[ 3 2 4 20 12 3 1 2 1 2 1 1 1 ]
[ 4 1 2 1 21 3 2 1 2 4 1 4 ]
[ 6 2 1 20 3 7 2 1 1 4 5 ]
[ 4 4 1 20 2 3 3 1 2 2 4 1 3 ]
[ 4 4 20 2 3 5 1 3 2 3 1 2 3 ]
[ 4 3 21 3 3 1 2 1 6 1 2 ]
[ 8 23 3 2 2 3 6 1 2 ]
[ 7 24 4 1 1 1 2 1 2 2 1 ]
[ 7 1 3 11 1 4 1 1 2 2 1 2 1 1 ]
[ 7 5 3 2 9 1 1 2 2 1 1 ]
[ 7 3 1 2 4 2 12 1 1 3 1 1 ]
[ 8 6 2 7 5 2 6 5 2 1 4 1 ]
[ 7 1 4 5 2 5 5 1 1 2 1 ]
[ 6 1 4 1 5 2 3 1 2 1 3 ]
[ 5 1 4 2 2 2 1 3 9 1 1 2 3 ]
[ 3 3 1 2 1 1 2 4 1 1 1 3 1 ]
[ 5 2 4 1 2 4 2 1 4 2 2 3 4 1 ]
[ 6 1 4 7 6 2 4 3 4 2 4 1 6 2 ]
[ 7 6 3 11 11 5 2 3 2 9 ]
[ 8 4 2 24 3 5 1 1 2 2 9 ]
[ 9 2 2 12 2 4 3 2 10 ]
[ 9 5 3 10 1 5 1 1 3 3 5 2 10 ]
[ 7 8 14 1 5 28 3 ]
[ 7 1 16 2 2 1 1 1 1 32 4 ]
[ 6 16 1 1 1 1 2 1 5 8 15 ]
[ 6 1 9 2 1 1 1 1 3 1 3 7 15 ]
[ 6 1 6 2 1 1 1 1 4 2 2 1 1 3 6 7 ]
[ 4 2 4 1 2 6 2 1 2 7 3 6 ]
[ 4 1 7 3 1 1 1 1 1 1 5 1 5 2 3 3 3 3 1 ]
[ 3 16 1 2 1 5 1 8 1 1 1 7 ]
