# Source: https://www.nonograms.org/nonograms/i/17403
# Author: Irina-belko61
# 80x65
GRID Raccoon
ROWS
[ 28 5 2 1 1 2 2 12 1 5 ]
[ 4 1 1 5 6 6 1 1 1 2 2 3 2 5 1 4 ]
[ 3 1 4 4 4 1 2 2 5 5 2 3 1 1 2 ]
[ 1 1 2 1 2 9 1 2 2 2 2 3 2 4 1 2 1 ]
[ 1 2 1 2 1 1 2 2 3 1 2 2 1 1 2 5 2 4 1 2 1 ]
[ 2 1 1 1 6 2 3 3 1 1 3 2 1 2 2 3 3 4 ]
[ 3 1 4 2 1 1 3 1 2 1 8 1 2 2 2 1 2 ]
[ 1 2 3 1 2 1 1 4 1 2 5 2 1 4 1 2 1 2 ]
[ 2 3 1 1 2 2 4 1 7 4 2 3 1 ]
[ 2 1 1 1 3 5 6 3 3 2 2 1 ]
[ 3 1 2 1 2 2 5 3 2 2 1 ]
[ 1 1 1 1 2 1 3 3 2 3 2 2 ]
[ 1 1 1 1 1 4 2 5 7 1 ]
[ 1 1 5 2 2 3 3 7 7 2 ]
[ 2 4 1 2 6 10 6 3 ]
[ 2 3 2 2 6 3 2 5 6 6 ]
[ 4 1 4 5 3 1 10 1 5 ]
[ 2 1 2 2 2 1 11 4 ]
[ 2 2 2 1 2 2 1 3 7 3 ]
[ 1 4 5 1 1 2 1 8 4 ]
[ 4 4 5 2 1 8 4 ]
[ 6 10 7 3 8 4 ]
[ 14 3 6 3 8 5 ]
[ 13 2 4 2 4 9 4 ]
[ 13 8 5 11 4 ]
[ 13 7 2 2 12 4 ]
[ 2 8 9 2 1 1 11 3 ]
[ 2 9 4 6 2 1 2 9 2 3 ]
[ 1 3 9 14 1 3 1 2 9 3 4 3 ]
[ 1 3 1 7 1 3 4 7 1 2 2 2 7 2 6 4 ]
[ 2 3 7 3 2 5 1 4 1 1 2 2 2 7 3 4 3 ]
[ 13 3 7 7 1 1 2 2 1 7 1 4 3 4 ]
[ 9 1 10 7 2 1 2 2 1 8 5 1 5 ]
[ 7 1 9 1 4 2 6 1 8 1 3 8 ]
[ 5 12 1 2 2 3 7 9 10 ]
[ 4 2 5 6 2 7 8 1 8 ]
[ 3 1 7 6 10 1 8 6 9 ]
[ 1 6 2 7 10 1 7 8 7 ]
[ 1 7 2 7 2 10 7 1 14 ]
[ 7 1 1 7 2 10 6 11 ]
[ 1 7 5 8 2 7 1 6 9 ]
[ 2 5 5 8 2 7 1 7 6 ]
[ 4 3 13 2 7 1 6 5 ]
[ 4 1 2 2 10 3 7 1 5 5 4 ]
[ 2 1 16 3 7 6 7 4 ]
[ 2 2 12 3 7 4 2 6 4 ]
[ 1 9 3 7 3 2 3 2 ]
[ 6 3 7 2 2 5 ]
[ 4 1 8 2 1 3 ]
[ 2 1 8 3 1 3 ]
[ 1 1 8 3 2 5 2 ]
[ 1 1 8 3 9 2 ]
[ 1 1 5 2 3 10 2 ]
[ 2 1 5 4 1 13 ]
[ 2 1 5 2 1 1 11 ]
[ 3 1 8 3 10 ]
[ 3 1 8 3 9 ]
[ 3 8 3 1 4 1 ]
[ 2 8 2 ]
[ 1 4 4 1 ]
[ 1 1 2 2 1 1 ]
[ 1 2 2 2 1 1 ]
[ 1 2 2 1 1 1 ]
[ 1 4 3 1 1 ]
[ 1 4 3 5 ]
COLUMNS
[ 1 12 4 ]
[ 2 2 3 2 2 2 ]
[ 2 2 2 4 2 1 2 1 ]
[ 3 2 2 3 1 5 ]
[ 4 12 1 5 ]
[ 1 7 4 1 4 ]
[ 2 1 6 1 1 3 ]
[ 1 7 2 1 1 5 ]
[ 1 2 1 3 12 ]
[ 3 6 16 ]
[ 1 3 15 1 1 ]
[ 1 2 1 15 1 1 ]
[ 4 1 11 3 ]
[ 3 3 13 3 2 1 ]
[ 3 5 12 6 1 ]
[ 2 1 1 2 14 1 9 1 ]
[ 2 2 2 3 3 6 3 3 5 2 ]
[ 1 4 3 2 4 2 1 7 2 ]
[ 1 2 4 1 1 1 1 3 16 ]
[ 1 2 1 3 2 3 10 2 ]
[ 6 1 3 6 5 1 ]
[ 2 4 1 2 5 9 2 ]
[ 2 1 2 2 5 9 3 2 ]
[ 2 2 2 3 4 2 4 1 3 1 ]
[ 2 1 1 6 1 1 5 1 3 2 ]
[ 3 2 2 7 1 7 1 3 2 ]
[ 1 1 1 2 4 1 7 7 ]
[ 1 1 2 2 3 1 6 5 ]
[ 3 2 1 1 1 4 1 7 ]
[ 1 3 1 1 2 2 3 10 ]
[ 1 4 2 1 6 14 ]
[ 2 1 2 2 2 2 14 ]
[ 2 1 1 8 14 ]
[ 2 2 10 14 3 ]
[ 1 2 28 6 ]
[ 1 2 44 ]
[ 3 10 ]
[ 28 3 4 14 2 ]
[ 1 2 11 3 3 18 4 ]
[ 12 3 3 4 23 ]
[ 9 1 3 2 2 1 5 4 12 2 ]
[ 7 1 5 1 1 30 ]
[ 2 1 1 3 37 ]
[ 4 1 1 2 35 2 ]
[ 2 2 1 15 19 10 ]
[ 1 3 6 33 ]
[ 5 2 4 39 1 ]
[ 4 2 4 3 14 1 2 1 ]
[ 1 4 8 2 9 4 ]
[ 5 2 5 4 8 6 4 1 ]
[ 11 2 19 ]
[ 1 3 31 ]
[ 2 3 31 5 ]
[ 2 3 30 9 ]
[ 1 2 29 2 6 ]
[ 1 1 3 28 2 8 ]
[ 1 1 6 26 3 8 ]
[ 1 1 5 21 1 1 8 ]
[ 1 1 4 10 5 1 8 ]
[ 1 3 4 8 1 2 7 ]
[ 1 2 2 3 3 2 3 7 ]
[ 1 3 1 1 5 1 2 3 5 ]
[ 1 4 1 2 2 3 3 ]
[ 2 2 1 1 4 4 1 ]
[ 4 1 2 3 4 2 ]
[ 1 3 1 1 2 4 8 ]
[ 2 2 3 2 3 4 5 ]
[ 2 2 3 2 1 4 3 ]
[ 8 3 2 2 4 3 ]
[ 5 3 3 2 1 9 ]
[ 6 3 2 13 ]
[ 4 3 2 12 ]
[ 4 3 2 12 ]
[ 5 3 5 12 ]
[ 2 6 8 ]
[ 1 3 6 9 ]
[ 6 7 1 8 ]
[ 2 4 17 ]
[ 3 3 14 ]
[ 5 4 12 ]
