# Source: https://www.nonograms.org/nonograms/i/5114
# Author: LUPO
# 70x110
GRID Rachmaninoff
ROWS
[ 1 ]
[ 5 1 ]
[ 6 6 ]
[ 13 ]
[ 12 ]
[ 8 6 ]
[ 1 7 12 ]
[ 7 9 2 ]
[ 7 8 2 ]
[ 6 8 2 1 ]
[ 1 6 2 4 4 ]
[ 1 3 2 3 4 1 5 ]
[ 1 10 5 5 ]
[ 1 2 2 5 7 ]
[ 1 3 5 7 7 3 1 ]
[ 1 3 3 4 3 7 1 ]
[ 1 11 5 1 12 ]
[ 11 2 2 3 2 3 ]
[ 11 2 1 4 2 4 ]
[ 10 2 1 6 4 ]
[ 11 6 1 1 1 8 5 ]
[ 1 3 4 13 1 1 8 5 ]
[ 10 3 2 7 1 1 7 3 ]
[ 9 3 1 8 2 2 1 2 1 ]
[ 4 2 1 4 3 1 1 2 3 ]
[ 1 3 3 5 5 1 4 2 ]
[ 1 4 1 1 1 6 2 4 ]
[ 1 4 2 1 1 6 2 3 4 1 ]
[ 4 2 2 1 6 1 1 3 2 2 ]
[ 3 2 6 1 1 3 4 2 ]
[ 2 3 4 1 1 6 3 2 ]
[ 1 3 7 2 1 2 2 4 3 6 ]
[ 1 2 2 2 1 1 2 2 1 6 3 9 ]
[ 1 2 1 1 1 1 1 7 2 2 1 1 1 ]
[ 2 1 2 1 1 4 3 2 1 2 4 5 ]
[ 1 1 2 2 1 4 3 1 2 9 ]
[ 3 1 1 3 8 2 7 ]
[ 3 3 1 3 13 2 6 ]
[ 2 1 1 7 14 1 2 6 ]
[ 2 1 1 7 16 2 2 4 ]
[ 2 2 4 2 6 10 1 1 4 1 ]
[ 2 2 4 13 2 3 2 ]
[ 2 2 2 2 4 15 1 2 6 ]
[ 1 2 2 4 21 5 6 ]
[ 1 2 2 2 24 5 6 ]
[ 1 1 2 2 26 5 6 ]
[ 1 1 2 2 25 5 6 ]
[ 2 1 2 2 26 5 6 ]
[ 2 2 2 1 22 3 6 6 ]
[ 3 1 2 2 23 4 5 6 ]
[ 2 1 2 4 28 5 6 ]
[ 2 2 3 25 7 4 5 ]
[ 1 2 2 25 8 3 5 ]
[ 4 2 4 18 11 4 6 ]
[ 4 3 4 19 17 6 ]
[ 4 3 2 21 13 4 5 ]
[ 5 2 1 2 36 4 5 ]
[ 4 8 40 4 5 ]
[ 4 40 1 1 2 6 ]
[ 3 7 21 11 1 1 5 ]
[ 2 12 19 14 3 1 5 ]
[ 2 8 8 31 2 2 5 ]
[ 1 3 8 22 11 2 1 6 ]
[ 1 6 3 7 11 13 2 1 6 ]
[ 1 3 2 7 11 1 4 5 2 2 6 ]
[ 7 19 2 1 4 3 6 ]
[ 7 3 5 4 9 8 5 ]
[ 4 4 15 10 3 4 5 ]
[ 3 3 14 11 1 3 6 5 ]
[ 5 2 15 1 7 2 2 8 ]
[ 4 6 1 10 6 1 4 6 ]
[ 2 6 14 2 3 2 9 ]
[ 2 1 16 2 4 3 8 ]
[ 2 13 6 1 7 8 ]
[ 12 9 9 7 ]
[ 10 19 3 5 ]
[ 5 2 2 1 18 4 5 ]
[ 4 2 4 17 2 6 ]
[ 3 1 2 2 16 2 3 8 ]
[ 3 2 2 23 6 ]
[ 2 2 19 7 6 ]
[ 4 1 18 7 ]
[ 3 2 2 18 7 ]
[ 2 1 17 1 7 ]
[ 2 4 3 5 8 3 2 7 ]
[ 2 2 3 2 4 9 9 3 7 ]
[ 2 2 2 2 2 2 8 2 2 7 ]
[ 2 2 1 2 2 1 6 4 3 7 ]
[ 2 1 1 4 2 4 1 9 2 8 ]
[ 2 1 7 5 10 1 3 8 ]
[ 2 7 9 3 3 8 ]
[ 1 1 9 6 14 3 9 ]
[ 2 1 6 8 13 3 9 ]
[ 2 2 1 5 15 3 9 ]
[ 1 2 2 19 15 3 9 ]
[ 1 2 1 1 3 3 10 ]
[ 2 2 2 2 14 4 10 ]
[ 2 1 1 14 18 4 5 3 ]
[ 2 1 2 2 11 1 4 5 3 ]
[ 1 1 2 1 2 15 4 6 3 ]
[ 1 1 1 1 1 11 21 5 6 3 ]
[ 1 1 1 2 1 21 3 1 6 3 ]
[ 1 1 1 2 7 4 7 2 ]
[ 1 1 1 1 4 7 2 ]
[ 1 1 1 2 22 3 7 2 ]
[ 1 1 1 1 25 1 8 2 ]
[ 1 1 1 1 14 1 2 8 2 ]
[ 2 3 21 1 9 1 ]
[ 1 1 2 3 1 ]
[ 2 1 ]
COLUMNS
[ 7 7 14 15 9 4 3 1 ]
[ 5 3 4 3 3 6 5 7 4 2 6 1 ]
[ 11 9 4 2 1 6 2 7 3 ]
[ 12 9 3 2 5 1 1 2 4 5 ]
[ 12 1 8 3 3 4 2 1 2 2 3 3 2 ]
[ 9 9 2 3 2 2 1 2 1 2 2 4 5 ]
[ 8 9 4 2 2 2 2 2 2 2 3 3 1 ]
[ 6 3 10 2 6 3 2 1 2 2 2 4 3 ]
[ 4 1 2 1 8 2 5 1 2 1 2 1 4 4 3 3 3 ]
[ 3 1 1 7 3 2 3 1 4 4 9 3 1 2 4 ]
[ 3 1 1 6 4 2 4 1 4 3 12 2 2 ]
[ 3 2 5 4 1 3 1 5 11 1 2 4 ]
[ 2 6 3 3 5 4 1 1 7 2 2 4 ]
[ 1 1 1 1 2 1 1 6 1 7 2 7 1 1 4 1 1 ]
[ 2 1 6 6 8 1 2 4 1 1 9 1 1 ]
[ 2 3 2 4 8 2 1 8 3 6 1 1 ]
[ 1 1 1 7 8 3 1 9 1 7 1 1 ]
[ 4 1 1 5 2 5 6 5 2 10 1 1 1 ]
[ 3 3 1 2 1 2 7 7 2 7 1 1 1 2 ]
[ 2 2 4 15 1 4 3 1 4 1 1 1 3 ]
[ 2 9 13 3 4 4 4 1 1 1 4 ]
[ 5 7 2 6 4 7 3 2 1 1 1 4 ]
[ 11 15 8 2 4 1 1 1 4 ]
[ 3 3 5 4 10 7 4 1 1 1 1 1 4 ]
[ 8 8 1 1 6 10 8 3 1 1 1 2 4 ]
[ 11 7 5 1 1 4 13 2 6 2 4 1 2 4 ]
[ 9 7 4 2 3 1 1 15 5 4 4 1 3 4 ]
[ 3 4 1 3 1 3 1 17 5 1 1 3 3 1 3 4 ]
[ 4 3 1 1 6 4 2 1 25 2 7 1 3 1 4 4 ]
[ 5 2 3 2 3 7 26 1 5 6 1 5 4 ]
[ 6 2 1 1 8 27 2 5 6 1 5 4 ]
[ 5 1 6 1 2 2 26 3 4 5 5 4 ]
[ 5 2 2 2 1 2 25 4 5 6 2 1 ]
[ 4 3 4 2 2 1 23 2 2 6 3 1 6 2 1 ]
[ 3 2 10 2 3 2 25 14 1 1 6 2 1 ]
[ 3 2 10 1 3 2 1 25 14 1 1 6 2 1 ]
[ 2 15 2 1 2 21 5 14 1 2 6 2 1 ]
[ 2 8 8 3 1 4 20 3 1 13 1 2 6 2 1 ]
[ 1 7 3 3 4 5 18 2 1 2 13 4 6 2 ]
[ 1 7 8 1 8 21 1 2 1 13 4 6 2 ]
[ 2 2 1 1 1 5 9 13 3 2 1 4 2 11 5 2 3 2 ]
[ 2 1 1 2 14 13 7 6 1 11 5 2 3 3 ]
[ 1 1 1 4 5 4 13 14 1 9 1 5 2 3 1 ]
[ 1 9 2 6 17 11 3 10 1 4 2 2 1 ]
[ 6 2 1 1 34 4 1 9 2 4 2 2 ]
[ 1 5 1 2 28 5 11 3 4 2 1 2 ]
[ 4 1 1 15 11 16 1 2 4 2 1 3 ]
[ 1 1 14 12 3 11 2 1 4 1 3 ]
[ 2 28 1 4 7 3 1 4 5 ]
[ 2 2 12 16 2 5 1 3 1 3 6 ]
[ 1 1 10 16 2 6 2 1 1 3 8 ]
[ 2 30 6 2 1 1 1 6 ]
[ 1 18 13 3 1 1 9 1 ]
[ 3 1 16 5 3 1 7 2 ]
[ 3 1 5 1 8 2 1 6 4 ]
[ 2 3 1 1 5 2 3 6 6 ]
[ 2 10 6 1 4 1 1 6 9 ]
[ 2 15 9 1 4 13 ]
[ 2 20 7 1 3 17 ]
[ 20 1 2 2 20 ]
[ 2 1 8 1 4 3 23 ]
[ 1 2 11 27 ]
[ 5 1 4 19 ]
[ 1 68 ]
[ 2 72 ]
[ 79 ]
[ 2 7 55 ]
[ 2 5 44 ]
[ 2 5 11 2 1 4 2 2 ]
[ 2 2 ]
