# Source: https://www.nonograms.org/nonograms/i/49350
# Author: imari13
# 45x45
GRID Witch
ROWS
[ 8 3 7 ]
[ 9 5 8 ]
[ 5 2 2 3 9 ]
[ 3 3 2 3 9 4 ]
[ 3 2 2 3 17 ]
[ 2 3 2 3 8 7 ]
[ 1 5 1 3 1 5 6 ]
[ 1 4 4 4 6 ]
[ 3 3 2 3 17 ]
[ 4 3 2 2 1 6 8 ]
[ 3 2 2 5 6 3 9 ]
[ 2 3 1 4 2 1 2 1 8 ]
[ 2 3 2 1 8 ]
[ 2 5 2 2 1 9 ]
[ 1 5 1 5 3 3 10 ]
[ 5 1 1 3 3 1 2 1 5 ]
[ 2 2 2 1 1 5 5 1 2 ]
[ 2 2 3 1 1 7 1 4 ]
[ 2 2 3 3 3 13 2 3 ]
[ 1 2 3 5 2 8 2 2 4 ]
[ 4 3 3 1 8 6 5 ]
[ 5 3 3 2 7 5 5 ]
[ 4 2 3 10 5 7 ]
[ 3 2 3 10 3 7 ]
[ 2 2 2 9 7 ]
[ 1 1 3 7 1 8 ]
[ 1 1 2 4 1 8 ]
[ 3 2 8 ]
[ 22 2 9 ]
[ 3 2 4 9 5 ]
[ 2 19 3 6 6 ]
[ 2 4 2 5 2 8 ]
[ 2 23 2 9 ]
[ 3 3 2 3 3 2 9 ]
[ 3 12 2 10 ]
[ 5 4 2 5 ]
[ 21 2 2 6 ]
[ 4 7 3 1 1 3 1 ]
[ 3 10 1 4 2 1 2 1 ]
[ 4 10 2 5 2 1 1 1 2 ]
[ 5 12 8 4 1 ]
[ 20 2 6 1 ]
[ 4 17 6 1 ]
[ 4 14 9 ]
[ 30 ]
COLUMNS
[ 1 5 4 ]
[ 4 2 2 3 3 3 6 ]
[ 6 2 2 2 4 5 8 ]
[ 5 1 5 2 7 2 12 ]
[ 3 3 3 6 4 1 2 8 1 ]
[ 3 3 2 4 3 2 2 3 2 1 ]
[ 2 5 4 3 1 1 3 2 4 ]
[ 2 2 3 4 7 1 4 2 4 ]
[ 2 1 6 9 1 1 2 2 5 ]
[ 4 3 5 3 1 1 3 9 ]
[ 3 1 1 1 1 9 ]
[ 4 2 7 1 1 1 1 9 ]
[ 4 4 2 4 1 1 3 9 ]
[ 3 4 1 6 1 1 3 9 ]
[ 2 3 1 1 7 1 1 1 1 9 ]
[ 7 3 2 2 7 1 1 1 1 7 ]
[ 6 3 1 1 6 1 1 1 7 ]
[ 4 4 6 8 1 7 ]
[ 1 2 1 3 1 5 1 7 ]
[ 3 5 3 1 1 3 1 5 ]
[ 6 4 1 1 1 1 1 1 1 ]
[ 3 12 1 1 2 1 6 ]
[ 4 11 1 4 1 7 ]
[ 4 11 1 4 2 1 2 ]
[ 4 10 1 3 1 7 ]
[ 5 9 2 2 10 ]
[ 5 7 8 2 2 11 ]
[ 7 1 2 7 2 2 8 ]
[ 7 1 2 3 1 6 5 6 ]
[ 7 1 2 1 1 2 2 3 4 ]
[ 7 1 1 1 1 5 2 ]
[ 7 1 3 4 2 ]
[ 6 3 2 4 2 4 ]
[ 6 5 2 4 2 2 3 ]
[ 3 5 2 4 2 2 1 ]
[ 17 2 3 2 ]
[ 11 2 3 3 1 ]
[ 12 1 8 4 4 ]
[ 3 8 13 6 ]
[ 4 8 11 8 ]
[ 3 7 21 ]
[ 3 6 21 ]
[ 2 4 17 ]
[ 13 3 ]
[ 7 4 ]
