# Source: https://www.nonograms.org/nonograms/i/42735
# 40x40
GRID Wolverine
ROWS
[ 6 1 8 2 3 ]
[ 4 1 2 11 2 4 1 ]
[ 1 2 5 7 4 2 4 3 ]
[ 2 5 2 4 3 1 4 3 ]
[ 2 3 1 2 1 3 4 3 ]
[ 2 4 1 4 1 1 4 3 1 ]
[ 2 3 1 3 2 1 1 1 2 3 1 1 ]
[ 2 3 2 2 4 3 3 4 ]
[ 1 3 2 1 3 6 2 3 3 ]
[ 3 2 2 5 6 2 3 1 ]
[ 3 4 1 2 4 2 2 3 ]
[ 2 6 9 3 1 1 ]
[ 2 3 2 1 9 3 1 2 ]
[ 2 1 2 2 3 1 4 2 2 ]
[ 1 1 2 2 3 1 1 2 3 1 ]
[ 1 2 2 2 2 3 1 3 1 ]
[ 2 2 2 2 1 2 3 2 ]
[ 1 1 2 1 1 4 2 ]
[ 4 1 2 4 2 ]
[ 9 2 1 2 7 1 ]
[ 2 1 1 2 1 2 9 1 ]
[ 11 4 2 12 1 ]
[ 1 3 1 8 2 2 1 ]
[ 14 4 7 1 1 ]
[ 3 7 2 1 4 3 1 1 ]
[ 4 4 8 5 1 1 ]
[ 2 6 2 6 1 1 ]
[ 1 2 2 1 4 6 3 1 1 ]
[ 2 2 2 2 6 3 2 1 ]
[ 3 2 2 2 3 5 2 1 ]
[ 3 2 2 2 2 1 1 5 1 2 1 ]
[ 3 2 2 3 2 3 1 4 1 2 1 ]
[ 1 2 3 2 2 1 7 3 1 1 ]
[ 1 2 3 2 4 13 1 4 ]
[ 2 3 6 9 3 4 1 ]
[ 1 4 3 3 2 1 6 5 1 1 1 ]
[ 3 3 1 4 1 4 2 3 1 1 1 ]
[ 2 2 1 1 2 3 1 4 1 4 1 1 1 ]
[ 2 4 4 2 1 1 5 5 1 1 1 ]
[ 2 1 1 4 1 4 6 1 1 1 ]
COLUMNS
[ 1 1 2 2 1 1 1 2 1 1 1 ]
[ 1 2 2 2 1 1 1 1 1 1 3 1 2 ]
[ 3 2 3 1 2 1 1 1 2 3 1 2 ]
[ 3 2 3 1 2 1 1 1 1 2 4 1 ]
[ 2 2 3 2 1 1 2 2 2 2 2 ]
[ 1 3 3 2 3 2 2 2 2 2 ]
[ 1 2 4 2 2 6 1 2 3 3 ]
[ 8 2 2 1 1 1 1 2 3 1 1 ]
[ 1 2 2 3 2 4 1 1 2 2 3 ]
[ 2 2 3 2 1 5 1 2 2 1 ]
[ 1 2 6 1 1 6 1 2 2 3 ]
[ 1 1 2 3 3 2 3 2 2 1 1 ]
[ 2 1 1 3 1 1 3 2 5 2 ]
[ 3 3 3 2 1 3 1 3 4 1 ]
[ 6 1 2 2 3 3 4 2 ]
[ 4 4 2 1 3 1 3 4 ]
[ 4 6 3 1 2 3 3 1 ]
[ 3 1 5 2 3 2 2 1 1 2 ]
[ 3 2 1 2 1 5 1 ]
[ 3 2 1 5 4 6 3 ]
[ 2 1 1 3 8 1 4 4 ]
[ 3 10 8 4 2 ]
[ 15 1 7 3 3 ]
[ 4 7 1 2 2 7 ]
[ 8 3 2 2 2 1 7 ]
[ 2 1 5 1 1 7 ]
[ 2 5 2 8 ]
[ 2 3 1 1 5 2 2 4 1 ]
[ 2 1 2 1 6 1 2 7 1 1 ]
[ 2 4 1 6 7 3 2 2 ]
[ 1 4 1 1 20 3 ]
[ 4 2 1 10 9 ]
[ 4 2 1 3 7 ]
[ 3 3 2 3 3 5 ]
[ 3 3 1 2 3 2 3 ]
[ 2 3 2 2 5 2 2 6 ]
[ 1 3 3 1 2 3 1 2 ]
[ 3 6 1 2 8 ]
[ 3 1 2 1 2 3 1 ]
[ 1 2 4 2 23 ]
