# Picross DS, Free mode, level 1-J
GRID Cake
ROWS
[  ]
[ 1 ]
[ 2 ]
[ 5 ]
[ 2 2 1 ]
[ 1 1 ]
[ 8 1 ]
[ 10 ]
[ 1 1 ]
[ 10 ]
COLUMNS
[ 5 ]
[ 1 2 1 ]
[ 1 2 1 ]
[ 1 2 1 ]
[ 1 2 1 ]
[ 3 2 1 ]
[ 4 2 1 ]
[ 1 2 1 ]
[ 1 1 1 ]
[ 5 ]

# Picross DS, Free mode, level 7-O
GRID Cameraman
ROWS
[ 5 ]
[ 7 ]
[ 11 ]
[ 3 3 8 ]
[ 1 5 5 3 ]
[ 1 5 4 2 ]
[ 4 1 3 2 ]
[ 2 1 2 2 2 1 ]
[ 5 2 1 ]
[ 1 8 2 ]
[ 1 3 2 3 1 ]
[ 6 3 4 ]
[ 2 2 8 1 ]
[ 1 2 1 6 1 ]
[ 1 2 2 2 1 1 ]
[ 2 4 2 1 2 ]
[ 4 2 1 4 ]
[ 1 4 1 5 ]
[ 1 13 ]
[ 3 11 ]
COLUMNS
[ 3 ]
[ 1 2 6 ]
[ 1 2 1 2 2 ]
[ 6 2 2 3 ]
[ 3 4 2 1 1 ]
[ 2 6 2 1 ]
[ 3 3 5 2 ]
[ 3 2 2 2 ]
[ 2 3 2 5 ]
[ 1 2 1 4 4 ]
[ 5 2 3 3 ]
[ 6 8 2 ]
[ 5 2 1 4 2 ]
[ 5 1 1 2 5 ]
[ 4 1 2 2 ]
[ 5 5 3 ]
[ 6 2 2 6 ]
[ 6 1 4 ]
[ 1 5 ]
[ 6 ]

# Picross DS, Free mode, level 8-H
GRID Judo
ROWS
[ 4 ]
[ 6 ]
[ 2 1 ]
[ 3 1 3 ]
[ 5 1 1 1 ]
[ 2 6 1 ]
[ 1 1 2 1 2 ]
[ 1 1 1 1 1 ]
[ 1 2 2 2 ]
[ 1 1 4 1 ]
[ 1 4 3 2 ]
[ 1 2 1 3 4 ]
[ 6 2 4 2 ]
[ 1 1 2 6 1 ]
[ 2 1 2 1 ]
[ 1 1 3 2 ]
[ 1 1 5 1 1 ]
[ 1 1 4 1 2 ]
[ 7 4 ]
[ 3 2 1 ]
COLUMNS
[ 3 2 1 ]
[ 3 1 1 1 1 ]
[ 2 1 1 1 ]
[ 2 1 3 1 ]
[ 3 1 3 3 ]
[ 1 3 2 2 ]
[ 3 1 1 10 ]
[ 3 3 1 2 ]
[ 2 2 1 2 ]
[ 2 2 5 4 ]
[ 2 1 6 5 ]
[ 3 6 5 ]
[ 1 4 ]
[ 1 2 1 ]
[ 2 4 1 ]
[ 3 2 2 2 ]
[ 5 1 ]
[ 2 1 ]
[ 2 2 ]
[ 2 2 ]

# Picross, Normal mode, level 11-G
GRID Fish
ROWS
[ ]
[ 5 ]
[ 2 1 3 ]
[ 1 1 2 2 ]
[ 1 2 9 1 ]
[ 2 2 1 10 ]
[ 1 5 2 ]
[ 1 1 1 4 1 ]
[ 1 1 1 3 1 ]
[ 1 2 2 ]
[ 1 1 3 1 ]
[ 1 11 1 ]
[ 3 9 1 ]
[ 2 8 1 ]
[ 2 1 6 2 ]
[ 1 1 4 1 ]
[ 5 2 1 ]
[ 2 2 1 ]
[ 6 ]
[ ]
COLUMNS
[ 2 ]
[ 1 1 ]
[ 1 2 ]
[ 2 ]
[ ]
[ 5 2 ]
[ 2 1 1 2 ]
[ 1 2 3 1 ]
[ 4 1 2 2 ]
[ 1 2 2 1 3 ]
[ 1 1 2 1 1 ]
[ 1 2 6 1 ]
[ 1 10 1 ]
[ 2 11 1 ]
[ 1 5 5 1 ]
[ 2 3 5 1 ]
[ 4 7 ]
[ 1 6 ]
[ 1 4 1 ]
[ 1 1 1 ]
[ 2 2 2 ]
[ 4 4 ]

GRID Two solutions
ROWS
[ 2 2 ]
[ 2 2 ]
[ 2 2 ]
[ 2 2 ]
[ 2 2 ]
[ 2 2 ]
[ 2 2 ]
[ 2 2 ]
COLUMNS
[ 2 2 ]
[ 2 2 ]
[ 2 2 ]
[ 2 2 ]
[ 2 2 ]
[ 2 2 ]
[ 2 2 ]
[ 2 2 ]

GRID Multiple solutions
ROWS
[ 2 ]
[ 2 ]
[ 2 ]
[ 2 ]
[ 2 ]
[ 2 ]
COLUMNS
[ 2 ]
[ 2 ]
[ 2 ]
[ 2 ]
[ 2 ]
[ 2 ]

# Based on Picross DS, Free mode, level 1-J
GRID Two Cakes
ROWS
[  ]
[ 1 ]
[ 2 ]
[ 5 ]
[ 2 2 1 ]
[ 1 1 ]
[ 8 1 ]
[ 10 ]
[ 1 1 ]
[ 10 ]
[  ]
[ 1 ]
[ 2 ]
[ 5 ]
[ 2 2 1 ]
[ 1 1 ]
[ 8 1 ]
[ 10 ]
[ 1 1 ]
[ 10 ]
COLUMNS
[ 5 ]
[ 1 2 1 ]
[ 1 2 1 ]
[ 1 2 1 ]
[ 1 2 1 ]
[ 3 2 1 ]
[ 4 2 1 ]
[ 1 2 1 ]
[ 1 1 1 ]
[ 5 ]
[ 5 ]
[ 1 2 1 ]
[ 1 2 1 ]
[ 1 2 1 ]
[ 1 2 1 ]
[ 3 2 1 ]
[ 4 2 1 ]
[ 1 2 1 ]
[ 1 1 1 ]
[ 5 ]

# Based on picross DS level 0-D
GRID Two Notes
ROWS
[ 3 ]
[ 1 1 ]
[ 1 1 ]
[ 3 ]
[ 3 ]
[ 3 ]
[ 1 1 ]
[ 1 1 ]
[ 3 ]
[ 3 ]
COLUMNS
[ 2 ]
[ 2 ]
[ 5 ]
[ 1 ]
[ 3 ]
[ 2 ]
[ 2 ]
[ 5 ]
[ 1 ]
[ 3 ]

# Picross DS, Normal mode, level 11-M
GRID Samus
ROWS
[ 3 ]
[ 7 ]
[ 9 ]
[ 2 8 ]
[ 2 3 2 1 ]
[ 7 2 1 ]
[ 6 3 1 ]
[ 2 4 1 ]
[ 1 1 9 ]
[ 1 1 1 1 2 2 ]
[ 1 1 6 2 2 ]
[ 1 1 2 7 2 2 ]
[ 1 2 6 2 ]
[ 2 12 ]
[ 1 2 4 ]
[ 2 2 4 ]
[ 1 7 ]
[ 1 1 2 2 ]
[ 1 1 ]
[ 1 1 ]

COLUMNS
[ 3 5 ]
[ 6 3 3 ]
[ 2 3 2 ]
[ 2 3 ]
[ 6 2 ]
[ 7 1 2 ]
[ 4 1 1 4 ]
[ 5 2 1 5 ]
[ 8 1 1 1 1 ]
[ 3 5 4 2 1 ]
[ 2 2 6 ]
[ 2 1 5 ]
[ 4 7 ]
[ 6 3 ]
[ 6 ]
[ 1 2 1 ]
[ 6 ]
[ 4 ]
[ 2 ]
[  ]
[ 2 ]
[ 2 ]
[  ]
[ 2 ]
[ 2 ]

# Picross DS, Free mode, level 9-D
GRID The Ugly Duckling
ROWS
[ 17 3 ]
[ 1 1 1 8 ]
[ 2 1 15 ]
[ 3 1 1 6 ]
[ 1 1 2 6 6 ]
[ 5 3 4 1 4 ]
[ 5 1 3 2 ]
[ 4 6 5 ]
[ 2 9 ]
[ 4 1 3 4 ]
[ 6 4 2 ]
[ 1 5 4 ]
[ 1 1 6 2 ]
[ 1 2 2 4 ]
[ 1 2 2 2 2 1 ]
[ 1 1 7 ]
[ 1 2 6 ]
[ 1 4 1 6 ]
[ 1 1 4 ]
[ 1 1 1 ]

COLUMNS
[ 5 3 2 ]
[ 1 2 3 2 1 ]
[ 1 2 7 1 2 ]
[ 2 10 2 1 ]
[ 1 2 2 1 1 ]
[ 1 3 1 1 ]
[ 2 1 3 1 ]
[ 1 4 3 2 ]
[ 1 1 1 3 ]
[ 1 1 2 ]
[ 1 1 1 3 ]
[ 1 1 1 5 ]
[ 1 1 1 6 ]
[ 3 2 4 ]
[ 1 1 5 ]
[ 1 1 5 ]
[ 1 2 4 2 ]
[ 3 2 1 1 ]
[ 2 1 1 3 1 ]
[ 4 2 2 3 ]
[ 4 1 1 7 ]
[ 7 1 6 ]
[ 8 1 4 ]
[ 6 1 1 4 ]
[ 6 1 1 4 ]
