# Abstract puzzle designed by Josh Greifer
# It can be adapted to any size and always has a unique solution
# It's a difficult problem for most solvers. See: https://webpbn.com/survey/dom.html
GRID 3-Dom
ROWS
[ 3 ]
[ 1 ]
[ 3 1 ]
[ 1 ]
[ 3 1 ]
[ 1 ]
[ 1 ]
COLUMNS
[ 1 ]
[ 1 ]
[ 1 3 ]
[ 1 ]
[ 1 3 ]
[ 1 ]
[ 3 ]

GRID 4-Dom
ROWS
[ 3 ]
[ 1 ]
[ 3 1 ]
[ 1 ]
[ 3 1 ]
[ 1 ]
[ 3 1 ]
[ 1 ]
[ 1 ]
COLUMNS
[ 1 ]
[ 1 ]
[ 1 3 ]
[ 1 ]
[ 1 3 ]
[ 1 ]
[ 1 3 ]
[ 1 ]
[ 3 ]

GRID 5-Dom
ROWS
[ 3 ]
[ 1 ]
[ 3 1 ]
[ 1 ]
[ 3 1 ]
[ 1 ]
[ 3 1 ]
[ 1 ]
[ 3 1 ]
[ 1 ]
[ 1 ]
COLUMNS
[ 1 ]
[ 1 ]
[ 1 3 ]
[ 1 ]
[ 1 3 ]
[ 1 ]
[ 1 3 ]
[ 1 ]
[ 1 3 ]
[ 1 ]
[ 3 ]

GRID 6-Dom
ROWS
[ 3 ]
[ 1 ]
[ 3 1 ]
[ 1 ]
[ 3 1 ]
[ 1 ]
[ 3 1 ]
[ 1 ]
[ 3 1 ]
[ 1 ]
[ 3 1 ]
[ 1 ]
[ 1 ]
COLUMNS
[ 1 ]
[ 1 ]
[ 1 3 ]
[ 1 ]
[ 1 3 ]
[ 1 ]
[ 1 3 ]
[ 1 ]
[ 1 3 ]
[ 1 ]
[ 1 3 ]
[ 1 ]
[ 3 ]

GRID 7-Dom
ROWS
[ 3 ]
[ 1 ]
[ 3 1 ]
[ 1 ]
[ 3 1 ]
[ 1 ]
[ 3 1 ]
[ 1 ]
[ 3 1 ]
[ 1 ]
[ 3 1 ]
[ 1 ]
[ 3 1 ]
[ 1 ]
[ 1 ]
COLUMNS
[ 1 ]
[ 1 ]
[ 1 3 ]
[ 1 ]
[ 1 3 ]
[ 1 ]
[ 1 3 ]
[ 1 ]
[ 1 3 ]
[ 1 ]
[ 1 3 ]
[ 1 ]
[ 1 3 ]
[ 1 ]
[ 3 ]

GRID 8-Dom
ROWS
[ 3 ]
[ 1 ]
[ 3 1 ]
[ 1 ]
[ 3 1 ]
[ 1 ]
[ 3 1 ]
[ 1 ]
[ 3 1 ]
[ 1 ]
[ 3 1 ]
[ 1 ]
[ 3 1 ]
[ 1 ]
[ 3 1 ]
[ 1 ]
[ 1 ]
COLUMNS
[ 1 ]
[ 1 ]
[ 1 3 ]
[ 1 ]
[ 1 3 ]
[ 1 ]
[ 1 3 ]
[ 1 ]
[ 1 3 ]
[ 1 ]
[ 1 3 ]
[ 1 ]
[ 1 3 ]
[ 1 ]
[ 1 3 ]
[ 1 ]
[ 3 ]

GRID 9-Dom
ROWS
[ 3 ]
[ 1 ]
[ 3 1 ]
[ 1 ]
[ 3 1 ]
[ 1 ]
[ 3 1 ]
[ 1 ]
[ 3 1 ]
[ 1 ]
[ 3 1 ]
[ 1 ]
[ 3 1 ]
[ 1 ]
[ 3 1 ]
[ 1 ]
[ 3 1 ]
[ 1 ]
[ 1 ]
COLUMNS
[ 1 ]
[ 1 ]
[ 1 3 ]
[ 1 ]
[ 1 3 ]
[ 1 ]
[ 1 3 ]
[ 1 ]
[ 1 3 ]
[ 1 ]
[ 1 3 ]
[ 1 ]
[ 1 3 ]
[ 1 ]
[ 1 3 ]
[ 1 ]
[ 1 3 ]
[ 1 ]
[ 3 ]
