GRID "Fish" (Picross, Normal mode, level 11-G)
ROWS
[ ]
[ 5 ]
[ 2 1 3 ]
[ 1 1 2 2 ]
[ 1 2 9 1 ]
[ 2 2 1 10 ]
[ 1 5 2 ]
[ 1 1 1 4 1 ]
[ 1 1 1 3 1 ]
[ 1 2 2 ]
[ 1 1 3 1 ]
[ 1 11 1 ]
[ 3 9 1 ]
[ 2 8 1 ]
[ 2 1 6 2 ]
[ 1 1 4 1 ]
[ 5 2 1 ]
[ 2 2 1 ]
[ 6 ]
[ ]
COLUMNS
[ 2 ]
[ 1 1 ]
[ 1 2 ]
[ 2 ]
[ ]
[ 5 2 ]
[ 2 1 1 2 ]
[ 1 2 3 1 ]
[ 4 1 2 2 ]
[ 1 2 2 1 3 ]
[ 1 1 2 1 1 ]
[ 1 2 6 1 ]
[ 1 10 1 ]
[ 2 11 1 ]
[ 1 5 5 1 ]
[ 2 3 5 1 ]
[ 4 7 ]
[ 1 6 ]
[ 1 4 1 ]
[ 1 1 1 ]
[ 2 2 2 ]
[ 4 4 ]

GRID "Two notes" (based on Picross level 0-D)
ROWS
[ 3 ]
[ 1 1 ]
[ 1 1 ]
[ 3 ]
[ 3 ]
[ 3 ]
[ 1 1 ]
[ 1 1 ]
[ 3 ]
[ 3 ]
COLUMNS
[ 2 ]
[ 2 ]
[ 5 ]
[ 1 ]
[ 3 ]
[ 2 ]
[ 2 ]
[ 5 ]
[ 1 ]
[ 3 ]

