# https://www.nonograms.org/nonograms/i/6361
GRID Giraffe
ROWS
[ 12 10 ]
[ 12 1 4 4 ]
[ 8 1 3 3 ]
[ 8 1 4 1 2 3 ]
[ 8 5 3 3 ]
[ 11 2 1 3 ]
[ 12 4 ]
[ 9 2 3 ]
[ 7 3 2 ]
[ 6 2 2 2 2 ]
[ 6 3 2 1 ]
[ 7 2 1 ]
[ 10 2 3 ]
[ 10 2 4 ]
[ 11 2 2 ]
[ 11 2 3 1 1 ]
[ 12 2 1 1 ]
[ 13 2 3 2 ]
[ 15 4 ]
[ 16 7 ]
[ 15 2 5 ]
[ 15 5 ]
[ 15 1 5 ]
[ 15 1 5 ]
[ 13 5 ]
[ 1 12 5 ]
[ 1 10 2 5 ]
[ 7 3 5 ]
[ 1 4 1 2 5 ]
[ 4 2 3 5 ]
[ 5 4 2 4 ]
[ 6 3 2 1 4 ]
[ 6 4 ]
[ 6 2 2 1 3 ]
[ 5 2 1 3 ]
[ 5 3 1 2 ]
[ 5 1 2 1 1 ]
[ 5 1 2 1 1 ]
[ 5 1 4 1 2 ]
[ 6 9 6 ]
COLUMNS
[ 24 12 ]
[ 24 1 11 ]
[ 25 1 11 ]
[ 26 11 ]
[ 29 10 ]
[ 30 3 1 ]
[ 9 19 ]
[ 8 1 17 2 2 ]
[ 2 3 2 16 3 2 1 ]
[ 2 1 2 2 16 3 3 ]
[ 2 2 14 2 1 1 ]
[ 5 1 2 1 11 1 1 ]
[ 3 3 3 10 1 1 1 2 ]
[ 1 3 2 2 9 2 1 5 ]
[ 2 2 9 2 2 4 ]
[ 3 1 2 2 1 3 2 ]
[ 4 2 1 2 2 1 ]
[ 3 1 1 1 ]
[ 2 1 2 2 1 1 ]
[ 1 3 2 2 1 1 1 ]
[ 1 2 1 1 11 7 ]
[ 2 1 1 2 15 1 ]
[ 8 2 17 1 ]
[ 10 1 19 2 ]
[ 13 25 ]
