# Picross DS, Free mode, level 9-D
GRID The Ugly Duckling
ROWS
[ 17 3 ]
[ 1 1 1 8 ]
[ 2 1 15 ]
[ 3 1 1 6 ]
[ 1 1 2 6 6 ]
[ 5 3 4 1 4 ]
[ 5 1 3 2 ]
[ 4 6 5 ]
[ 2 9 ]
[ 4 1 3 4 ]
[ 6 4 2 ]
[ 1 5 4 ]
[ 1 1 6 2 ]
[ 1 2 2 4 ]
[ 1 2 2 2 2 1 ]
[ 1 1 7 ]
[ 1 2 6 ]
[ 1 4 1 6 ]
[ 1 1 4 ]
[ 1 1 1 ]

COLUMNS
[ 5 3 2 ]
[ 1 2 3 2 1 ]
[ 1 2 7 1 2 ]
[ 2 10 2 1 ]
[ 1 2 2 1 1 ]
[ 1 3 1 1 ]
[ 2 1 3 1 ]
[ 1 4 3 2 ]
[ 1 1 1 3 ]
[ 1 1 2 ]
[ 1 1 1 3 ]
[ 1 1 1 5 ]
[ 1 1 1 6 ]
[ 3 2 4 ]
[ 1 1 5 ]
[ 1 1 5 ]
[ 1 2 4 2 ]
[ 3 2 1 1 ]
[ 2 1 1 3 1 ]
[ 4 2 2 3 ]
[ 4 1 1 7 ]
[ 7 1 6 ]
[ 8 1 4 ]
[ 6 1 1 4 ]
[ 6 1 1 4 ]
