# Picross DS, Free mode, level 7-O
GRID Cameraman
ROWS
[ 5 ]
[ 7 ]
[ 11 ]
[ 3 3 8 ]
[ 1 5 5 3 ]
[ 1 5 4 2 ]
[ 4 1 3 2 ]
[ 2 1 2 2 2 1 ]
[ 5 2 1 ]
[ 1 8 2 ]
[ 1 3 2 3 1 ]
[ 6 3 4 ]
[ 2 2 8 1 ]
[ 1 2 1 6 1 ]
[ 1 2 2 2 1 1 ]
[ 2 4 2 1 2 ]
[ 4 2 1 4 ]
[ 1 4 1 5 ]
[ 1 13 ]
[ 3 11 ]
COLUMNS
[ 3 ]
[ 1 2 6 ]
[ 1 2 1 2 2 ]
[ 6 2 2 3 ]
[ 3 4 2 1 1 ]
[ 2 6 2 1 ]
[ 3 3 5 2 ]
[ 3 2 2 2 ]
[ 2 3 2 5 ]
[ 1 2 1 4 4 ]
[ 5 2 3 3 ]
[ 6 8 2 ]
[ 5 2 1 4 2 ]
[ 5 1 1 2 5 ]
[ 4 1 2 2 ]
[ 5 5 3 ]
[ 6 2 2 6 ]
[ 6 1 4 ]
[ 1 5 ]
[ 6 ]
