# Picross DS, Normal mode, level 11-A
GRID Mario
ROWS
[ ]
[ 5 ]
[ 9 ]
[ 11 ]
[ 4 1 2 ]
[ 2 1 1 1 ]
[ 2 2 1 1 ]
[ 3 5 ]
[ 2 1 4 ]
[ 1 8 2 2 ]
[ 1 1 1 1 2 1 2 ]
[ 3 4 3 2 3 1 ]
[ 1 2 2 2 3 3 ]
[ 1 6 2 3 ]
[ 1 8 1 1 ]
[ 12 2 ]
[ 2 1 1 2 2 ]
[ 1 1 1 1 2 ]
[ 25 ]
[ 1 5 9 5 1 ]
COLUMNS
[ 2 ]
[ 4 3 ]
[ 3 2 2 2 ]
[ 7 1 1 2 ]
[ 3 2 1 2 2  ]
[ 6 1 4 2 ]
[ 4 1 3 7 ]
[ 3 1 5 1 ]
[ 3 1 5 2 ]
[ 5 1 3 7 ]
[ 2 2 1 4 2 ]
[ 3 1 1 1 2 2 ]
[ 3 3 1 1 2 ]
[ 1 1 1 2 2 2 ]
[ 1 4 4 ]
[ 2 2 ]
[ 2 2 ]
[ 2 4 ]
[ 2 5 ]
[ 2 2 ]
[ 1 3 2 ]
[ 1 5 2 ]
[ 2 3 2 ]
[ 2 1 ]
[ 2 2 ]
