001011010100111000111010001110
111001101100100100010001101110
001011001110001100001110111111
000001010011111110001101000101
010011111100010000011010010111
110101011001111111010000000101
000010000110110011010000000000
011011111010101001110000111111
101010110111100001110001110110
011000101010101010101101101001
010000100100111011101011101100
110101001101001011001010011101
010010010001000100100100100110
001000101110100100001111110101
001110100001010010001110011111
111000010011011111101111110010
101010011000001111101110011111
010101101100010111101111111000
011101000001001011110100010101
100111100001101110110001110010
100100001111010101011111101111
100011101111011011011011001000
101100100011001110011011000011
001110110111111100110101010101
100100101111001000010111111001
011111101110001010110100000010
100000111010101011110110101101
101011000101101101101110011010
111100000010110100111010010111
110111100010001111001010010001
